DeviceSerialNumber
2406111620552937264026
2406031112130936381207
0501150024131751415628
2406111218561514275016
2406111339141776018715
2406111330241936282809
2406031145311280110927
2406111437042296176508
2406031150371279629615
2406031147351301426514
1906041107290810543718
2406111413102149784313
2406111543172691714022
2406111336191938603102
2406031117420985109330
2406031139200975676522
2406031202410167350017
2406031139571099312515
2406031200411255535901
2406031144591286043710
2406031150081313176530
2406031202341250479624
2406111525552578737517
2406111431422261267116
2406031124011018360929
2406111423592241900028
2406111549142706417110
2406031146111284110923
2406031148041304234307
2406111333421928989016
2406111333311927850009
2406031150141277417104
2406031145411281123409
2406031154491345743723
2406031142001261782801
2406111432522288185909
2406031150051312914009
2406031149431310640608
2406031202331250343705
2406031146061283553110
2406031145121144156202
2406111348161912132827
2406111219191501700015
2406111408082135529611
2406031157391224653107
2406111533472660690603
2406031200381255264022
2301271605181594950030
2406111218591499695301
2406031146001282935916
2406111334461949081229
2406031147501302893730
2406111525382587275015
2406111219471504495326
2406031156281232606211
2406111414222149500000
2406111621591086200024
2406111218201511753120
2406031147221300123403
2406111344581968495323
2406031205031384109321
2406111431142258443719
2406111335231935582826
2406031148021304062517
2406111413242169032825
2406111227321537531209
2406111338441943146816
2406031141511260882831
2406111220211505870307
2406111550362722104610
2406031156161231381214
2406031145261288776525
2406031200031381315617
2406031143551119318721
2406031156551235315601
2406111338291960000024
2406111408462139342114
2406031204181379534328
2406111547292718656231
2406111338571944485917
2406111329271923801508
2406031146281157723411
2406111413412152832823
2406111430252253623417
2406111408412138925023
2406111327251910257802
2406111441072296254610
2406031201261379695305
2406031140341102987524
2406111218201510646803
2406111347520675809312
2406031200271383640622
2305101259020838145309
2406031205001383829608
2406111343261960370317
2406031159441379401510
2406111410542146128109
2406111330191910548417
2406031150181277814011
2406111715383232442130
2406031157261223420325
2406031204271380479617
2406031145341280368720
2406111415122164660925
2406031133551058735900
2406031139251139159300
2406111353070193017123
2406031134521050406231
2406031148141295348421
2406111531422608892128
2406031145291289039003
2406111605552877317112
2406031154231343145307
2406111336391941895308
2406031154581346635917
2406031148011294032807
2406111406112130954608
2406031145371280701514
2406111335091927800007
2406031145321280193713
2406111411002146642119
2406031154251343381212
2406111336551943467100
2406031150001275995308
2406031141281258567103
2406031146231285242111
2406111331231886821812
2406111405582129626529
2406111547142717157828
2406031117390978917122
2406031147561303528122
2406031200171382712514
2406031146261157512514
2406031154301343882803
2406111436402278656212
2406111620552937264026
2406031144151128625022
2406031147541293426505
2406031204571383504631
2406111328271931362502
2406031150071276637530
0501150319582805957826
2406031200171253131200
2406031112130936381207
